%YAML:1.0
misalign: !!opencv-matrix
 rows: 3
 cols: 3
 dt: d
 data: [1, -0.000173964404861544, 0.00305808021754282, 0, 1, 0.0119695072493903, -0, 0, 1]

scale: !!opencv-matrix
 rows: 3
 cols: 3
 dt: d
 data: [0.997078141252511, 0, 0, 0, 0.99026118037769, 0, 0, 0, 0.994631835589319]

bias: !!opencv-matrix
 rows: 3
 cols: 1
 dt: d
 data:[0.0252699942407976, -0.122015285888351, -0.0417658706505219]

