%YAML:1.0
acc_misalign: !!opencv-matrix
 rows: 3
 cols: 3
 dt: d
 data: [1, -0.015749424078011, -0.012788062379154, 0, 1, 0.0075530779731131, -0, 0, 1]

acc_scale: !!opencv-matrix
 rows: 3
 cols: 3
 dt: d
 data: [0.982548250192701, 0, 0, 0, 0.999614148630228, 0, 0, 0, 0.994632174640379]

acc_bias: !!opencv-matrix
 rows: 3
 cols: 1
 dt: d
 data:[-0.133765373314815, 0.0325021619921247, 0.00178589132491972]

gyro_misalign: !!opencv-matrix
 rows: 3
 cols: 3
 dt: d
 data: [1, -0.00752415261382785, 0.000543010640462204, 0.0149909464734852, 1, 0.024644035612336, 0.00601707800148845, -0.00925725178028885, 1]

gyro_scale: !!opencv-matrix
 rows: 3
 cols: 3
 dt: d
 data: [1.00279863912658, 0, 0, 0, 0.972258104374743, 0, 0, 0, 0.997528256047729]

gyro_bias: !!opencv-matrix
 rows: 3
 cols: 1
 dt: d
 data:[0.00303896186605757, -0.00463583103277584, -0.000883339914392368]
