%YAML:1.0
acc_misalign: !!opencv-matrix
 rows: 3
 cols: 3
 dt: d
 data: [1, 0.000957489560344945, 0.000453909659340722, 0, 1, 0.0117080629085653, -0, 0, 1]

acc_scale: !!opencv-matrix
 rows: 3
 cols: 3
 dt: d
 data: [0.997384376868461, 0, 0, 0, 0.999909827327024, 0, 0, 0, 0.998174637614804]

acc_bias: !!opencv-matrix
 rows: 3
 cols: 1
 dt: d
 data:[0.105545958487392, -0.00169421158702872, -0.14215874449824]

gyro_misalign: !!opencv-matrix
 rows: 3
 cols: 3
 dt: d
 data: [1, 0.00219668192390944, -0.00161535687723959, 0.00793991065556969, 1, -0.00710906185964941, -0.00275040455054078, -0.0127572683908728, 1]

gyro_scale: !!opencv-matrix
 rows: 3
 cols: 3
 dt: d
 data: [1.01210242974973, 0, 0, 0, 0.989778485232881, 0, 0, 0, 0.990060393759569]

gyro_bias: !!opencv-matrix
 rows: 3
 cols: 1
 dt: d
 data:[0.00337435015377577, -0.00165508815669762, 0.000229618697167018]
