%YAML:1.0
misalign: !!opencv-matrix
 rows: 3
 cols: 3
 dt: d
 data: [1, 0.000620481881855277, -0.00419579094296203, 0.0105100004385379, 1, 0.00975931924304537, 0.0045063835666496, -0.010962814517056, 1]

scale: !!opencv-matrix
 rows: 3
 cols: 3
 dt: d
 data: [1.01182292382746, 0, 0, 0, 0.982187781178795, 0, 0, 0, 0.989746594100738]

bias: !!opencv-matrix
 rows: 3
 cols: 1
 dt: d
 data:[0.000221179145759337, 0.00326436530128958, -0.00443531371673337]

