%YAML:1.0
misalign: !!opencv-matrix
 rows: 3
 cols: 3
 dt: d
 data: [1, 0.000957489560344945, 0.000453909659340722, 0, 1, 0.0117080629085653, -0, 0, 1]

scale: !!opencv-matrix
 rows: 3
 cols: 3
 dt: d
 data: [0.997384376868461, 0, 0, 0, 0.999909827327024, 0, 0, 0, 0.998174637614804]

bias: !!opencv-matrix
 rows: 3
 cols: 1
 dt: d
 data:[0.105545958487392, -0.00169421158702872, -0.14215874449824]

