%YAML:1.0
misalign: !!opencv-matrix
 rows: 3
 cols: 3
 dt: d
 data: [1, 0.00219668192390944, -0.00161535687723959, 0.00793991065556969, 1, -0.00710906185964941, -0.00275040455054078, -0.0127572683908728, 1]

scale: !!opencv-matrix
 rows: 3
 cols: 3
 dt: d
 data: [1.01210242974973, 0, 0, 0, 0.989778485232881, 0, 0, 0, 0.990060393759569]

bias: !!opencv-matrix
 rows: 3
 cols: 1
 dt: d
 data:[0.00337435015377577, -0.00165508815669762, 0.000229618697167018]

