%YAML:1.0
misalign: !!opencv-matrix
 rows: 3
 cols: 3
 dt: d
 data: [1, 0.0003964734582645, -0.00212341952981077, 0, 1, 0.00638065388229508, -0, 0, 1]

scale: !!opencv-matrix
 rows: 3
 cols: 3
 dt: d
 data: [1.00100244702747, 0, 0, 0, 0.999146028847462, 0, 0, 0, 0.997520573440835]

bias: !!opencv-matrix
 rows: 3
 cols: 1
 dt: d
 data:[0.0698767490074595, -0.103265017983896, -0.0922234057924034]

