%YAML:1.0
misalign: !!opencv-matrix
 rows: 3
 cols: 3
 dt: d
 data: [1, 0.00479096216963211, 0.00449493317630235, -0.00185330536543118, 1, 0.00603179346008082, -0.0021314889326226, -0.00748454975335434, 1]

scale: !!opencv-matrix
 rows: 3
 cols: 3
 dt: d
 data: [1.01121233225887, 0, 0, 0, 0.968524563654897, 0, 0, 0, 0.98418549542705]

bias: !!opencv-matrix
 rows: 3
 cols: 1
 dt: d
 data:[-0.00131357209377909, 0.00285881209935018, -0.00827101683201348]

