%YAML:1.0
acc_misalign: !!opencv-matrix
 rows: 3
 cols: 3
 dt: d
 data: [1, 0.0003964734582645, -0.00212341952981077, 0, 1, 0.00638065388229508, -0, 0, 1]

acc_scale: !!opencv-matrix
 rows: 3
 cols: 3
 dt: d
 data: [1.00100244702747, 0, 0, 0, 0.999146028847462, 0, 0, 0, 0.997520573440835]

acc_bias: !!opencv-matrix
 rows: 3
 cols: 1
 dt: d
 data:[0.0698767490074595, -0.103265017983896, -0.0922234057924034]

gyro_misalign: !!opencv-matrix
 rows: 3
 cols: 3
 dt: d
 data: [1, 0.00479096216963211, 0.00449493317630235, -0.00185330536543118, 1, 0.00603179346008082, -0.0021314889326226, -0.00748454975335434, 1]

gyro_scale: !!opencv-matrix
 rows: 3
 cols: 3
 dt: d
 data: [1.01121233225887, 0, 0, 0, 0.968524563654897, 0, 0, 0, 0.98418549542705]

gyro_bias: !!opencv-matrix
 rows: 3
 cols: 1
 dt: d
 data:[-0.00131357209377909, 0.00285881209935018, -0.00827101683201348]
